# CPH
cph_c_index=[0.261212333566924, 0.261212333566924, 0.261212333566924, 0.261212333566924, 0.261212333566924, 0.261212333566924, 0.261212333566924, 0.261212333566924, 0.261212333566924, 0.261212333566924, 0.261212333566924, 0.261212333566924, 0.261212333566924, 0.261212333566924, 0.261212333566924, 0.261212333566924, 0.261212333566924, 0.261212333566924, 0.261212333566924, 0.261212333566924]
cph_ibs=[0.335721719918043, 0.335721719918043, 0.335721719918043, 0.335721719918043, 0.335721719918043, 0.335721719918043, 0.335721719918043, 0.335721719918043, 0.335721719918043, 0.335721719918043, 0.335721719918043, 0.335721719918043, 0.335721719918043, 0.335721719918043, 0.335721719918043, 0.335721719918043, 0.335721719918043, 0.335721719918043, 0.335721719918043, 0.335721719918043]
cph_pe=[224.507361336692, 224.507361336692, 224.507361336692, 224.507361336692, 224.507361336692, 224.507361336692, 224.507361336692, 224.507361336692, 224.507361336692, 224.507361336692, 224.507361336692, 224.507361336692, 224.507361336692, 224.507361336692, 224.507361336692, 224.507361336692, 224.507361336692, 224.507361336692, 224.507361336692, 224.507361336692]
