# Deepsurv
deepsurv_c_index=[0.7977034785545424, 0.7747382640999663, 0.7882472137791287, 0.7792975346166836, 0.7561634582911179, 0.7521107733873691, 0.8007429922323539, 0.7804795677136103, 0.7890915231340764, 0.7689969604863222, 0.7713610266801756, 0.784532252617359, 0.7419790611279973, 0.7911178655859507, 0.7646065518405943, 0.7825059101654847, 0.7885849375211077, 0.7413036136440392, 0.7973657548125633, 0.7894292468760554]
deepsurv_ibs=[0.17009573069917183, 0.19217807539554735, 0.1979318839866176, 0.15267630404236873, 0.1407509140297592, 0.13667836901072075, 0.19548737592763352, 0.17222507829899159, 0.20380911567651663, 0.17291855991293054, 0.1929288657291904, 0.1766539153158396, 0.17228113436427944, 0.12733731099909418, 0.14548151705163287, 0.1767928947337889, 0.1472173009517811, 0.14777515688965545, 0.17349071348539027, 0.19478800885924966]
