# Deepsurv
deepsurv_c_index=[0.8328267477203647, 0.8304626815265113, 0.8554542384329619, 0.8159405606214117, 0.8318135764944276, 0.825903411009794, 0.8385680513340088, 0.8331644714623438, 0.815096251266464, 0.8203309692671394, 0.8443093549476528, 0.828774062816616, 0.8338399189463019, 0.8264099966227626, 0.8476865923674435, 0.8051334008780817, 0.8419452887537994, 0.8426207362377575, 0.8169537318473489, 0.8375548801080716]
deepsurv_ibs=[0.12549961739085488, 0.10839292836991113, 0.11955482918741445, 0.12058045716961337, 0.11881383448988643, 0.12086405532583891, 0.1300399902785215, 0.1156983377502066, 0.11498367589020635, 0.11354944276340875, 0.12022031882391063, 0.1325384008344838, 0.11086571864633563, 0.13538672644049674, 0.10999707698379342, 0.11718048319804965, 0.13561556829044338, 0.13826272878127302, 0.13877527859522848, 0.11709924035950847]
