# RSF
rsf_c_index=[0.462960675822547, 0.439049995059777, 0.444138425056813, 0.450634818693805, 0.442014129038633, 0.441791818990218, 0.458366268155321, 0.441149589961466, 0.461676217765043, 0.447967098112835, 0.453253137041794, 0.44875753384053, 0.456612488884498, 0.436283470012845, 0.45463639956526, 0.457946349174983, 0.454809307380694, 0.442779863649837, 0.45461169844877, 0.458588578203735]
rsf_ibs=[0.211587207068184, 0.20812489241319, 0.212599157302288, 0.212081971361363, 0.21542116847829, 0.214919562237381, 0.21475167368111, 0.213017661996529, 0.213925167560976, 0.214553710802021, 0.213237076615093, 0.214770083245593, 0.210927024393557, 0.214502391827146, 0.210567396300822, 0.213087268544668, 0.214746915375295, 0.2123498420931, 0.21415369615154, 0.21088072008992]
