# RSF
rsf_c_index=[0.419733721964233, 0.423957612884102, 0.403307479498073, 0.430799822151961, 0.424105819583045, 0.414867602015611, 0.432948819286632, 0.422006224681356, 0.418844481770576, 0.438037249283668, 0.423611797253236, 0.417066001383263, 0.418572769489181, 0.40049155221816, 0.418844481770576, 0.436431676711787, 0.411656456871851, 0.424970358660211, 0.444360735105227, 0.424155221816026]
rsf_ibs=[0.199753118557828, 0.199752015925961, 0.19867757035643, 0.198249002745245, 0.200939855207001, 0.198397956790641, 0.199575300188687, 0.199389934806114, 0.195541378450837, 0.199972815868097, 0.198258059546923, 0.197101402647694, 0.197195557402737, 0.197745299381827, 0.199547003771183, 0.200420894152274, 0.197101430744917, 0.196925315316199, 0.199758853810935, 0.199780919246624]
rsf_pe=[289.201511529714, 287.120132933701, 288.115370057224, 292.148470291771, 287.712236026624, 289.579901668727, 284.347153911677, 290.015858261054, 287.488727643551, 288.737182300735, 288.987767227831, 288.268161892677, 287.843151622074, 287.384391092966, 291.071291906537, 293.535134344869, 288.399401851585, 287.763432040022, 289.463336755413, 287.465115373244]
