# Deepsurv
deepsurv_c_index=[0.7267814927389395, 0.6967240797028031, 0.7105707531239446, 0.7426545086119554, 0.6923336710570753, 0.6862546437014522, 0.6896318811212429, 0.7342114150624789, 0.7048294495103006, 0.7055048969942587, 0.7261060452549815, 0.7095575818980074, 0.734886862546437, 0.7048294495103006, 0.7176629517055049, 0.7169875042215468, 0.7119216480918609, 0.6926713947990544, 0.6815265113137453, 0.7335359675785208]
deepsurv_ibs=[0.13865773315418953, 0.1494369149937396, 0.14513777413653586, 0.18651980299804588, 0.1569506191365687, 0.14353034331258666, 0.15067219056066705, 0.1506011161754415, 0.19035464815850642, 0.15490778500696772, 0.19054485130051121, 0.16857071813969093, 0.19269996048382032, 0.15406858215613126, 0.13991912172093163, 0.18300407565588472, 0.17757633659060135, 0.17418213640601737, 0.1505460734226459, 0.1877812423036181]
deepsurv_pe=[711.7348614733598, 670.1096465702444, 707.7324676692726, 732.7230237676031, 715.1553212232868, 709.5146098018752, 714.3063171281059, 721.6191208553521, 691.6468134707825, 716.5467846822233, 716.1347776015459, 695.2739044722366, 696.7359116226542, 715.1578500142523, 717.5012108900914, 688.609252354252, 696.4500426824397, 702.6497202298159, 715.4143062808602, 717.3890715033666]
